943884
28135302
28149078
28153607
28156791
28163155
28166317
28174220
28182045
28186905
28189582
28200142
28212607
28219388
28231171
28317569
28381674
28390819
28472335
28499031
28503057
28536438
28541923
28581233
28585555
28664203
28682875
28711358
28758155
28814400
28861118
28894541
29044609
29109334
29113108
29126773
29136377
29167589
29183264
29188197
29193701
29194395
29198703
29209767
29210005
29210653
29211262
29237346
29253970
29260056
29296098
29316132
29334608
29334616
29334734
29334860
29335267
29335290
29335367
29335619
29335891
29336437
29336465
29336559
29336622
29336754
29337586
29337852
29338161
29338841
29338901
29338907
29339144
29339431
29339708
29339797
29339868
29340029
29340214
29340292
29340871
29341002
29341034
29341164
29341567
29342311
29342720
29342906
29343224
29343338
29343385
29343412
29343615
29343692
29343737
29343746
29343967
29343979
29343984
29344046
29344332
29344437
29344749
29344875
29345129
29345140
29345239
29345763
29346254
29346344
29346405
29346481
29346740
29347148
29347179
29347238
29347572
29347763
29347841
29347894
29347979
29348210
29348817
29349008
29349059
29349114
29349147
29349220
29349267
29349404
29350342
29350508
29350629
29350804
29351185
29351250
29351431
29351512
29351763
29352029
29352072
29352345
29352514
29353435
29353611
29353612
29353851
29354202
29354452
29355029
29355190
29355697
29355715
29355726
29355979
29356690
29357119
29357168
29357552
29357965
29358072
29358265
29359382
29359391
29359568
29359804
29360291
29360311
29360633
29360661
29360892
29361372
29361473
29361803
29361940
29362083
29362248
29362621
29362647
29362940
29362973
29363277
29363748
29363785
29364006
29364065
29365110
29366303
29366658
29367843
29367860
29368482
29368928
29369386
29370172
29370175
29370871
29371759
29372212
29372657
29372902
29373002
29373633
29373960
29373995
29374077
29374343
29374902
29375387
29375488
29376022
29376064
29376107
29376125
29376288
29376423
29376428
29376458
29376465
29376488
29376588
29376837
29376896
29376925
29376983
29376988
29376990
29376991
29376992
29376994
29376998
29377000
29377001
29377006
29377007
29377009
29377010
29377011
29377012
29377013
29377016
29377018
29377020
29377022
29377027
29377033
29377034
29377035
29377036
29377037
29377039
29377042
29377045
29377047
29377049
29377050
29377051
29377052
29377055
29377056
29377062
29377068
29377069
29377073
29377077
29377078
29377079
29377080
29377081
29377082
29377084
29377087
29377091
29377095
29377097
29377099
29377100
29377102
29377103
29377104
29377105
29377106
29377109
29377110
29377112
29377113
29377118
29377119
29377120
29377121
29377122
29377127
29377128
29377129
29377131
29377132
29377137
29377139
29377141
29377145
29377146
29377148
29377151
29377152
29377154
29377157
29377163
29377168
29377169
29377170
29377171
29377172
29377175
29377177
29377178
29377179
29377186
29377187
29377188
29377189
29377190
29377192
29377193
29377194
29377197
29377198
29377199
29377203
29377205
29377207
29377209
29377210
29377214
29377216
29377219
29377221
29377225
29377226
29377236
29377239
29377240
29377241
29377242
29377247
29377248
29377249
29377251
29377255
29377256
29377258
29377260
29377261
29377262
29377264
29377265
29377271
29377274
29377275
29377276
29377277
29377278
29377280
29377283
29377286
29377287
29377294
29377295
29377299
29377300
29377303
29377307
29377309
29377311
29377312
29377315
29377317
29377318
29377319
29377321
29377322
29377325
29377326
29377328
29377330
29377331
29377333
29377336
29377337
29377339
29377340
29377341
29377343
29377344
29377349
29377350
29377351
29377352
29377354
29377356
29377358
29377361
29377365
29377366
29377367
29377368
29377369
29377370
29377371
29377372
29377375
29377376
29377380
29377381
29377382
29377384
29377393
29377394
29377398
29377401
29377402
29377406
29377407
29377409
29377413
29377414
29377415
29377418
29377419
29377420
29377421
29377423
29377424
29377426
29377428
29377430
29377435
29377436
29377437
29377438
29377439
29377442
29377443
29377445
29377446
29377450
29377451
29377455
29377456
29377459
29377460
29377462
29377463
29377464
29377465
29377466
29377474
29377477
29377478
29377479
29377480
29377481
29377482
29377483
29377484
29377485
29377488
29377492
29377494
29377495
29377496
29377500
29377501
29377503
29377506
29377507
29377508
29377513
29377515
29377520
29377524
29377528
29377529
29377532
29377533
29377534
29377535
29377537
29377538
29377542
29377543
29377544
29377545
29377546
29377547
29377552
29377554
29377555
29377556
29377558
29377559
29377560
29377561
29377563
29377564
29377567
29377568
29377572
29377573
29377574
29377578
29377579
29377580
29377583
29377584
29377587
29377588
29377589
29377590
29377598
29377600
29377603
29377605
29377606
29377609
29377610
29377611
29377613
29377614
29377616
29377617
29377618
29377621
29377622
29377625
29377634
29377647
29377650
29377653
29377656
29377658
29377659
29377661
29377668
29377670
29377672
29377673
29377675
29377676
29377677
29377680
29377683
29377684
29377685
29377687
29377689
29377690
29377691
29377693
29377695
29377696
29377698
29377707
29377708
29377711
29377712
29377713
29377714
29377716
29377718
29377719
29377720
29377721
29377722
29377723
29377725
29377726
29377727
29377728
29377730
29377731
29377735
29377737
29377741
29377742
29377744
29377745
29377746
29377747
29377749
29377750
29377751
29377758
29377760
29377761
29377762
29377763
29377768
29377770
29377775
29377777
29377779
29377781
29377784
29377785
29377790
29377791
29377793
29377794
29377795
29377796
29377802
29377803
29377805
29377806
29377807
29377809
29377811
29377812
29377813
29377818
29377821
29377832
29377834
29377835
29377837
29377840
29377843
29377845
29377850
29377853
29377859
29377860
29377863
29377865
29377867
29377870
29377872
29377873
29377880
29377881
29377882
29377885
29377886
29377887
29377889
29377890
29377892
29377894
29377896
29377898
29377899
29377902
29377905
29377906
29377909
29377911
29377912
29377915
29377916
29377919
29377921
29377929
29377931
29377932
29377937
29377941
29377942
29377944
29377945
29377949
29377954
29377955
29377959
29377960
29377962
29377969
29377971
29377972
29377973
29377974
29377975
29377978
29377981
29377985
29377986
29377990
29377992
29377994
29377995
29378000
29378001
29378002
29378005
29378006
29378009
29378013
29378015
29378023
29378026
29378028
29378029
29378036
29378039
29378042
29378043
29378046
29378048
29378052
29378054
29378057
29378058
29378059
29378060
29378064
29378066
29378068
29378070
29378072
29378073
29378074
29378075
29378076
29378078
29378083
29378091
29378093
29378095
29378097
29378100
29378101
29378102
29378106
29378112
29378113
29378114
29378115
29378116
29378117
29378118
29378119
29378120
29378121
29378122
29378124
29378130
29378131
29378132
29378133
29378134
29378135
29378136
29378137
29378143
29378151
29378155
29378159
29378161
29378162
29378164
29378165
29378167
29378168
29378169
29378171
29378173
29378174
29378176
29378177
29378180
29378181
29378182
29378184
29378187
29378194
29378197
29378199
29378200
29378201
29378203
29378205
29378206
29378207
29378210
29378212
29378213
29378214
29378215
29378216
29378220
29378222
29378224
29378226
29378227
29378231
29378234
29378235
29378241
29378242
29378243
29378244
29378246
29378248
29378249
29378251
29378253
29378257
29378258
29378261
29378263
29378264
29378266
29378268
29378269
29378271
29378275
29378276
29378279
29378286
29378287
29378289
29378290
29378291
29378294
29378296
29378297
29378303
29378304
29378305
29378310
29378311
29378313
29378314
29378316
29378317
29378318
29378320
29378322
29378326
29378329
29378331
29378334
29378335
29378336
29378338
29378339
29378340
29378343
29378345
29378346
29378347
29378348
29378351
29378352
29378353
29378354
29378355
29378358
29378364
29378365
29378366
29378367
29378368
29378370
29378373
29378377
29378378
29378381
29378382
29378388
29378389
29378393
29378395
29378396
29378400
29378402
29378403
29378406
29378407
29378409
29378410
29378414
29378417
29378419
29378420
29378424
29378425
29378427
29378429
29378433
29378434
29378435
29378436
29378438
29378444
29378445
29378451
29378454
29378456
29378458
29378459
29378460
29378461
29378466
29378467
29378468
29378472
29378473
29378474
29378475
29378478
29378479
29378480
29378481
29378482
29378483
29378484
29378485
29378487
29378488
29378490
29378491
29378497
29378499
29378501
29378505
29378509
29378510
29378511
29378516
29378517
29378518
29378519
29378522
29378524
29378525
29378537
29378540
29378544
29378545
29378546
29378547
29378548
29378549
29378550
29378552
29378556
29378558
29378561
29378562
29378564
29378567
29378568
29378570
29378572
29378575
29378578
29378581
29378583
29378590
29378592
29378597
29378600
29378604
29378609
29378612
29378613
29378614
29378616
29378618
29378621
29378628
29378631
29378632
29378636
29378637
29378642
29378644
29378645
29378647
29378649
29378651
29378652
29378653
29378654
29378656
29378657
29378660
29378662
29378664
29378665
29378666
29378667
29378670
29378672
29378673
29378675
29378679
29378680
29378682
29378683
29378688
29378689
29378694
29378695
29378699
29378705
29378706
29378707
29378713
29378716
29378717
29378722
29378725
29378727
29378728
29378729
29378735
29378736
29378737
29378738
29378740
29378741
29378742
29378743
29378744
29378749
29378750
29378751
29378754
29378758
29378760
29378764
29378765
29378769
29378771
29378772
29378774
29378777
29378781
29378785
29378789
29378790
29378798
29378800
29378803
29378807
29378809
29378810
29378811
29378815
29378819
29378820
29378823
29378826
29378827
29378828
29378829
29378830
29378832
29378838
29378839
29378840
29378841
29378844
29378847
29378852
29378854
29378855
29378858
29378861
29378862
29378866
29378868
29378870
29378871
29378874
29378876
29378877
29378878
29378881
29378882
29378883
29378884
29378888
29378889
29378890
29378892
29378893
29378896
29378903
29378905
29378906
29378907
29378908
29378909
29378910
29378913
29378914
29378915
29378916
29378917
29378920
29378924
29378927
29378928
29378929
29378934
29378937
29378938
29378940
29378946
29378950
29378953
29378955
29378958
29378959
29378960
29378962
29378964
29378965
29378966
29378967
29378969
29378970
29378971
29378972
29378973
29378974
29378975
29378977
29378978
29378985
29378986
29378987
29378988
29378994
29378996
29378998
29378999
29379003
29379006
29379009
29379010
29379012
29379013
29379015
29379016
29379017
29379018
29379019
29379021
29379023
29379024
29379028
29379031
29379032
29379034
29379039
29379040
29379044
29379046
29379047
29379051
29379052
29379053
29379054
29379056
29379058
29379060
29379061
29379064
29379066
29379067
29379068
29379070
29379072
29379079
29379080
29379081
29379082
29379083
29379084
29379085
29379086
29379090
29379095
29379096
29379100
29379101
29379106
29379107
29379110
29379113
29379114
29379115
29379116
29379118
29379120
29379121
29379125
29379126
29379129
29379132
29379136
29379137
29379138
29379141
29379143
29379146
29379152
29379155
29379159
29379160
29379162
29379165
29379166
29379167
29379169
29379170
29379171
29379173
29379175
29379176
29379177
29379179
29379180
29379181
29379182
29379184
29379185
29379186
29379187
29379188
29379189
29379190
29379191
29379193
29379200
29379201
29379208
29379213
29379214
29379217
29379224
29379225
29379226
29379227
29379231
29379232
29379233
29379234
29379237
29379238
29379239
29379240
29379242
29379243
29379245
29379250
29379252
29379253
29379254
29379255
29379261
29379265
29379268
29379270
29379271
29379272
29379273
29379279
29379280
29379283
29379284
29379287
29379288
29379295
29379296
29379301
29379302
29379304
29379306
29379311
29379314
29379319
29379320
29379321
29379324
29379326
29379328
29379337
29379339
29379342
29379343
29379349
29379350
29379352
29379353
29379354
29379355
29379356
29379361
29379364
29379370
29379372
29379374
29379375
29379378
29379382
29379386
29379388
29379390
29379392
29379393
29379400
29379401
29379402
29379404
29379405
29379406
29379408
29379409
29379410
29379412
29379416
29379417
29379418
29379424
29379426
29379428
29379430
29379434
29379437
29379439
29379440
29379443
29379454
29379457
29379458
29379459
29379460
29379462
29379470
29379471
29379473
29379477
29379478
29379479
29379481
29379482
29379483
29379487
29379488
29379489
29379490
29379492
29379494
29379495
29379496
29379498
29379500
29379507
29379509
29379513
29379515
29379517
29379518
29379521
29379523
29379524
29379530
29379532
29379534
29379536
29379550
29379551
29379553
29379556
29379560
29379561
29379564
29379567
29379568
29379569
29379570
29379572
29379576
29379577
29379586
29379587
29379588
29379589
29379591
29379593
29379594
29379598
29379604
29379606
29379608
29379609
29379610
29379611
29379612
29379613
29379615
29379616
29379617
29379620
29379622
29379623
29379627
29379628
29379630
29379636
29379637
29379638
29379639
29379641
29379644
29379645
29379649
29379650
29379651
29379653
29379657
29379660
29379661
29379662
29379665
29379668
29379669
29379672
29379673
29379675
29379681
29379683
29379687
29379688
29379693
29379694
29379704
29379706
29379707
29379708
29379710
29379713
29379716
29379717
29379718
29379720
29379721
29379722
29379723
29379727
29379728
29379732
29379734
29379735
29379736
29379740
29379743
29379744
29379746
29379747
29379750
29379751
29379752
29379753
29379754
29379757
29379759
29379760
29379763
29379765
29379768
29379771
29379775
29379777
29379781
29379782
29379783
29379784
29379788
29379789
29379790
29379793
29379795
29379796
29379797
29379799
29379800
29379801
29379802
29379805
29379808
29379809
29379810
29379812
29379813
29379814
29379815
29379817
29379818
29379820
29379821
29379826
29379831
29379837
29379838
29379839
29379841
29379843
29379844
29379845
29379849
29379850
29379855
29379856
29379857
29379861
29379862
29379865
29379867
29379868
29379871
29379873
29379874
29379877
29379881
29379883
29379885
29379886
29379887
29379891
29379893
29379895
29379896
29379897
29379902
29379907
29379910
29379913
29379915
29379916
29379918
29379919
29379920
29379924
29379926
29379927
29379929
29379930
29379931
29379932
29379933
29379936
29379938
29379939
29379941
29379942
29379944
29379945
29379948
29379957
29379959
29379961
29379962
29379965
29379966
29379967
29379968
29379972
29379973
29379975
29379976
29379977
29379978
29379979
29379980
29379984
29379987
29379991
29379993
29379996
29379997
29379999
29380001
29380003
29380008
29380010
29380013
29380014
29380016
29380017
29380018
29380019
29380020
29380021
29380023
29380025
29380027
29380029
29380035
29380036
29380041
29380043
29380045
29380047
29380048
29380049
29380050
29380051
29380060
29380061
29380062
29380065
29380066
29380068
29380075
29380077
29380078
29380086
29380087
29380090
29380091
29380093
29380094
29380100
29380102
29380103
29380105
29380109
29380111
29380112
29380113
29380114
29380115
29380116
29380117
29380118
29380121
29380123
29380128
29380129
29380130
29380132
29380133
29380134
29380136
29380138
29380139
29380141
29380144
29380148
29380150
29380151
29380152
29380153
29380154
29380155
29380156
29380158
29380163
29380164
29380167
29380171
29380174
29380176
29380178
29380179
29380181
29380183
29380184
29380186
29380191
29380192
29380193
29380194
29380196
29380198
29380199
29380200
29380206
29380207
29380210
29380212
29380217
29380218
29380219
29380220
29380221
29380222
29380224
29380226
29380229
29380234
29380237
29380238
29380241
29380247
29380249
29380254
29380255
29380258
29380259
29380260
29380261
29380263
29380266
29380268
29380270
29380273
29380275
29380276
29380278
29380279
29380284
29380285
29380286
29380288
29380293
29380295
29380299
29380300
29380302
29380304
29380306
29380308
29380309
29380312
29380320
29380322
29380324
29380325
29380327
29380329
29380336
29380339
29380340
29380344
29380345
29380348
29380350
29380353
29380355
29380357
29380358
29380359
29380361
29380362
29380363
29380364
29380365
29380366
29380367
29380368
29380373
29380374
29380377
29380378
29380379
29380381
29380383
29380392
29380393
29380396
29380398
29380405
29380408
29380410
29380411
29380412
29380414
29380415
29380418
29380419
29380422
29380423
29380432
29380433
29380434
29380437
29380438
29380440
29380441
29380446
29380447
29380449
29380450
29380452
29380454
29380466
29380468
29380470
29380473
29380474
29380476
29380477
29380478
29380479
29380480
29380481
29380485
29380487
29380489
29380490
29380492
29380500
29380501
29380502
29380510
29380511
29380513
29380514
29380521
29380523
29380527
29380528
29380529
29380531
29380533
29380534
29380538
29380540
29380541
29380542
29380543
29380545
29380546
29380548
29380550
29380551
29380554
29380557
29380562
29380567
29380568
29380569
29380571
29380572
29380573
29380574
29380575
29380577
29380579
29380582
29380585
29380586
29380590
29380593
29380600
29380604
29380605
29380611
29380612
29380613
29380615
29380616
29380617
29380618
29380620
29380622
29380628
29380629
29380633
29380634
29380636
29380642
29380648
29380649
29380650
29380653
29380654
29380657
29380663
29380668
29380674
29380676
29380680
29380684
29380685
29380686
29380688
29380689
29380691
29380692
29380695
29380696
29380697
29380700
29380702
29380707
29380708
29380710
29380712
29380713
29380715
29380718
29380719
29380720
29380723
29380724
29380725
29380728
29380730
29380733
29380734
29380736
29380738
29380739
29380741
29380742
29380744
29380745
29380747
29380748
29380749
29380750
29380752
29380755
29380756
29380758
29380762
29380775
29380776
29380777
29380778
29380781
29380786
29380787
29380790
29380791
29380793
29380797
29380798
29380800
29380801
29380803
29380804
29380805
29380806
29380808
29380809
29380811
29380812
29380816
29380820
29380822
29380823
29380824
29380825
29380826
29380828
29380832
29380834
29380836
29380837
29380839
29380840
29380848
29380851
29380853
29380854
29380856
29380857
29380860
29380868
29380870
29380874
29380877
29380880
29380883
29380884
29380886
29380887
29380890
29380891
29380894
29380897
29380898
29380901
29380903
29380904
29380908
29380913
29380915
29380916
29380918
29380919
29380920
29380921
29380924
29380925
29380929
29380931
29380935
29380936
29380937
29380939
29380941
29380943
29380944
29380945
29380947
29380948
29380949
29380950
29380951
29380954
29380959
29380960
29380961
29380963
29380965
29380970
29380971
29380976
29380978
29380980
29380982
29380984
29380986
29380987
29380988
29380989
29380990
29380995
29380997
29380998
29381000
29381001
29381003
29381004
29381006
29381009
29381014
29381028
29381029
29381030
29381033
29381034
29381037
29381038
29381040
29381042
29381043
29381044
29381049
29381051
29381055
29381056
29381057
29381062
29381066
29381067
29381072
29381073
29381077
29381078
29381079
29381080
29381082
29381084
29381086
29381087
29381088
29381099
29381100
29381101
29381102
29381105
29381107
29381111
29381114
29381115
29381117
29381120
29381121
29381122
29381124
29381126
29381129
29381132
29381140
29381141
29381142
29381145
29381147
29381148
29381150
29381151
29381152
29381153
29381154
29381155
29381156
29381163
29381164
29381166
29381170
29381171
29381174
29381176
29381177
29381179
29381181
29381183
29381185
29381187
29381188
29381189
29381191
29381192
29381200
29381203
29381207
29381211
29381212
29381219
29381220
29381221
29381225
29381229
29381232
29381233
29381236
29381237
29381239
29381242
29381244
29381247
29381248
29381249
29381251
29381256
29381257
29381258
29381265
29381273
29381274
29381275
29381280
29381285
29381289
29381290
29381291
29381293
29381294
29381295
29381297
29381300
29381301
29381302
29381304
29381308
29381309
29381310
29381311
29381312
29381313
29381316
29381318
29381320
29381325
29381328
29381330
29381331
29381332
29381335
29381336
29381348
29381349
29381353
29381354
29381357
29381360
29381361
29381366
29381367
29381369
29381370
29381376
29381377
29381378
29381382
29381387
29381388
29381390
29381391
29381392
29381393
29381397
29381398
29381401
29381403
29381407
29381408
29381411
29381412
29381415
29381417
29381418
29381420
29381422
29381423
29381424
29381427
29381428
29381433
29381434
29381436
29381438
29381439
29381440
29381445
29381447
29381449
29381452
29381454
29381455
29381456
29381458
29381460
29381464
29381466
29381467
29381469
29381471
29381472
29381474
29381475
29381477
29381478
29381479
29381482
29381485
29381488
29381491
29381492
29381493
29381497
29381499
29381500
29381501
29381502
29381509
29381513
29381515
29381518
29381519
29381521
29381523
29381524
29381526
29381527
29381528
29381530
29381532
29381533
29381535
29381538
29381542
29381545
29381546
29381548
29381551
29381554
29381555
29381556
29381558
29381559
29381560
29381563
29381564
29381565
29381568
29381572
29381576
29381578
29381580
29381582
29381584
29381585
29381589
29381594
29381599
29381603
29381604
29381605
29381614
29381615
29381618
29381619
29381621
29381622
29381623
29381630
29381632
29381635
29381636
29381644
29381646
29381648
29381654
29381655
29381658
29381661
29381662
29381665
29381668
29381672
29381678
29381683
29381685
29381686
29381690
29381692
29381693
29381694
29381697
29381699
29381701
29381706
29381708
29381713
29381715
29381716
29381718
29381719
29381721
29381722
29381724
29381725
29381726
29381727
29381731
29381733
29381738
29381739
29381740
29381743
29381745
29381749
29381750
29381751
29381753
29381756
29381759
29381762
29381764
29381766
29381767
29381769
29381771
29381773
29381774
29381775
29381776
29381778
29381779
29381783
29381786
29381790
29381791
29381792
29381795
29381798
29381800
29381801
29381802
29381803
29381804
29381806
29381808
29381810
29381811
29381818
29381826
29381852
29381853
29381857
29381860
29381863
29381865
29381866
29381867
29381870
29381872
29381873
29381875
29381881
29381885
29381886
29381888
29381893
29381895
29381898
29381900
29381904
29381905
29381906
29381908
29381909
29381911
29381913
29381914
29381915
29381916
29381919
29381920
29381921
29381924
29381925
29381926
29381927
29381928
29381929
29381933
29381936
29381939
29381940
29381943
29381944
29381947
29381949
29381955
29381956
29381959
29381960
29381964
29381965
29381967
29381970
29381972
29381980
29381984
29381986
29381988
29381992
29381996
29382007
29382008
29382010
29382012
29382016
29382018
29382020
29382023
29382025
29382026
29382027
29382028
29382035
29382037
29382038
29382039
29382040
29382042
29382045
29382049
29382050
29382051
29382054
29382056
29382063
29382064
29382065
29382068
29382069
29382072
29382073
29382078
29382080
29382082
29382085
29382087
29382090
29382092
29382093
29382095
29382097
29382099
29382100
29382102
29382103
29382104
29382107
29382110
29382112
29382113
29382115
29382116
29382119
29382124
29382125
29382126
29382132
29382134
29382135
29382139
29382140
29382141
29382143
29382144
29382145
29382149
29382150
29382152
29382157
29382165
29382166
29382167
29382169
29382172
29382174
29382176
29382178
29382179
29382180
29382182
29382185
29382191
29382193
29382195
29382196
29382198
29382201
29382212
29382214
29382215
29382217
29382218
29382231
29382232
29382233
29382239
29382240
29382243
29382244
29382247
29382248
29382250
29382252
29382255
29382259
29382260
29382261
29382262
29382265
29382266
29382269
29382271
29382273
29382275
29382280
29382282
29382283
29382290
29382294
29382296
29382297
29382300
29382301
29382303
29382305
29382308
29382309
29382310
29382313
29382315
29382316
29382319
29382325
29382326
29382329
29382330
29382334
29382337
29382339
29382341
29382344
29382348
29382351
29382354
29382359
29382361
29382365
29382369
29382371
29382373
29382375
29382376
29382378
29382381
29382384
29382385
29382386
29382387
29382388
29382389
29382396
29382400
29382401
29382403
29382404
29382405
29382407
29382408
29382409
29382414
29382415
29382416
29382418
29382419
29382425
29382428
29382433
29382435
29382437
29382439
29382440
29382443
29382444
29382448
29382450
29382452
29382453
29382454
29382455
29382456
29382461
29382464
29382466
29382468
29382473
29382475
29382476
29382480
29382481
29382485
29382497
29382498
29382499
29382500
29382501
29382502
284791983
293114653
293365701
293463983
293568221
293681531
293703735
293713381
293717531
