28186905 1738
29346344 15942
29376488 1057714
28219388 2528
29345129 444149
293717531 292038
29341034 10285
29343338 82016
29369386 493582
28166317 2200
29343979 85082
29344875 53325
29347179 628728
29373995 164661
29376107 580235
28153607 7348
29341164 552167
29350508 1411108
29376428 575284
28472335 9659
28503057 9377
29344749 38901
29336622 323370
29344046 2888
29336559 301240
29371759 306730
29343984 353802
29357168 637917
29357552 115313
28581233 5795
29210005 7719
29338161 175197
29346481 142338
29355697 745744
29372657 377563
29044609 4479
29336754 435466
29337586 239560
29348210 250527
29347763 658236
28317569 8419
28664203 9052
29253970 5041
29343412 444650
29345140 565468
29346740 448769
29347572 108395
29367860 266611
29372212 768255
29183264 4833
29336437 517435
29344437 40259
29340214 711635
29347894 440574
29355190 695418
29365110 144403
29374902 1555073
29109334 6791
29360311 268066
29370871 565056
29193701 1823
29343224 78414
29358072 1533760
29316132 7888
29343737 221832
29358265 970833
29360633 328175
28163155 1526
28814400 4780
29335290 508149
293365701 298810
29342906 194152
29349114 517242
28182045 1701
29353851 1209712
29194395 2260
29337852 27727
29339708 488731
29359804 830103
29360892 353716
29362940 391229
29370172 380002
943884 10318
28499031 7001
29340029 470250
29362621 463872
29374077 363250
29376125 481278
29237346 6598
28711358 7774
29341567 517460
29343615 81898
29357119 1270133
29370175 260372
28189582 2566
29342720 535342
29375488 795734
29376064 242633
29376896 242324
29126773 6758
29347841 813212
29361473 1063254
29373633 420075
28390819 5264
29113108 7609
29209767 7059
29260056 9998
29343746 74933
29352514 413680
29366658 582756
28156791 1219
29335619 445229
29349059 486210
29355715 599079
29340292 38352
28381674 5841
28541923 7715
293703735 617705
29376837 483041
29350342 714804
29335367 589262
29340871 335759
29351431 1311602
29374343 409092
293114653 5501
29339144 889519
29352072 904748
29362248 294759
29373960 345488
28758155 5296
29363785 449377
29341002 37477
293713381 671596
29373002 387895
29376458 850149
29167589 5746
29347979 183131
29353611 141622
29355979 418571
29361803 612771
29334860 104301
29343692 29874
29344332 72501
29347148 131342
29353612 1020911
29376588 280194
29211262 8055
29357965 18983
29363277 251283
29334734 366107
29346254 280877
29355726 220271
29296098 16652
29188197 3482
29334608 352808
29349008 568447
29359568 640985
28585555 6976
29136377 2955
29336465 522270
29348817 1198499
29351185 83350
29376465 457955
28536438 4165
29351250 442167
29356690 45693
29335891 818360
29349267 219821
29351763 44252
29350804 618752
29354452 473850
29361940 15048
28231171 5683
29338901 659443
29339797 138086
29355029 214753
29360661 682422
293568221 7863
29359382 251099
29376022 243812
28135302 1276
28200142 2271
284791983 6201
28894541 9949
29345239 750787
29362647 197243
28212607 1546
28682875 3149
29334616 211833
29351512 408496
29210653 5154
29338841 56694
29343385 411854
29352345 1025552
293681531 8605
29354202 102834
28174220 2051
28861118 5688
29338907 197122
29349147 738847
29353435 165125
29375387 158730
29339868 1557399
29349404 93730
29361372 524760
29352029 448072
29362973 627706
29376925 562447
29198703 9208
293463983 655332
29343967 10534
29359391 166706
29366303 211152
29368928 1049437
29376288 179962
29364065 238558
29368482 197441
29335267 48361
29345763 594452
29360291 971702
29362083 82622
29367843 186364
29349220 467892
29363748 1008305
29346405 66932
29350629 1067573
29347238 101685
29364006 365716
29372902 215042
28149078 6905
29339431 873785
29342311 568816
29376423 1240732
29376983 2708013
29376988 2074888
29376990 2105778
29376991 2940470
29376992 2184323
29376994 2361441
29376998 430039
29377000 1314729
29377001 5575874
29377006 3866001
29377007 1518937
29377009 907188
29377010 1081673
29377011 2132315
29377012 1102218
29377013 3654554
29377016 2021487
29377018 5016891
29377020 1475235
29377022 4180452
29377027 3829491
29377033 543434
29377034 7632151
29377035 3041048
29377036 1126323
29377037 2242937
29377039 992290
29377042 7815155
29377045 616024
29377047 1756787
29377049 4260312
29377050 3100522
29377051 2216149
29377052 771477
29377055 975560
29377056 1917104
29377062 818288
29377068 3267364
29377069 242828
29377073 564310
29377077 3763397
29377078 1118929
29377079 4377754
29377080 2187914
29377081 7370404
29377082 4148452
29377084 2799148
29377087 1249182
29377091 3535359
29377095 2316258
29377097 3818863
29377099 4815671
29377100 4094811
29377102 1438851
29377103 485397
29377104 3118218
29377105 4022459
29377106 2977991
29377109 2879361
29377110 5438894
29377112 1359374
29377113 1577613
29377118 2392103
29377119 6245033
29377120 1971431
29377121 1579997
29377122 969083
29377127 6614952
29377128 3094017
29377129 2449695
29377131 255037
29377132 7536815
29377137 2463113
29377139 3226085
29377141 2237191
29377145 1235964
29377146 1765033
29377148 1224201
29377151 5504596
29377152 2626666
29377154 495837
29377157 771788
29377163 3661619
29377168 631296
29377169 8188359
29377170 12000214
29377171 5235942
29377172 2120019
29377175 2893606
29377177 699042
29377178 285497
29377179 1104509
29377186 227948
29377187 5376885
29377188 687595
29377189 1374627
29377190 1673960
29377192 2934256
29377193 2018206
29377194 4053103
29377197 210907
29377198 2965814
29377199 2881132
29377203 6408408
29377205 735607
29377207 2625273
29377209 3358593
29377210 2442116
29377214 6112775
29377216 1614687
29377219 975750
29377221 959228
29377225 3367971
29377226 4431392
29377236 1765326
29377239 2543891
29377240 2083880
29377241 3601729
29377242 744450
29377247 1841525
29377248 3812296
29377249 5732523
29377251 1857441
29377255 866760
29377256 2044758
29377258 751963
29377260 3010759
29377261 366808
29377262 6012552
29377264 457241
29377265 5372160
29377271 1314819
29377274 2888574
29377275 684073
29377276 478693
29377277 6900595
29377278 684765
29377280 3674097
29377283 1446060
29377286 696153
29377287 2930733
29377294 2282445
29377295 1281462
29377299 3814112
29377300 1376268
29377303 2074289
29377307 2614314
29377309 843314
29377311 5546121
29377312 1888292
29377315 3026327
29377317 2836781
29377318 3301104
29377319 1759954
29377321 747207
29377322 1503915
29377325 291271
29377326 1155824
29377328 3172653
29377330 2084969
29377331 229043
29377333 2838098
29377336 1433206
29377337 2510720
29377339 857388
29377340 2042714
29377341 2084877
29377343 5353630
29377344 1436279
29377349 4101544
29377350 354240
29377351 2525213
29377352 1035241
29377354 1568476
29377356 2825814
29377358 4237943
29377361 1437926
29377365 1902301
29377366 1456134
29377367 1549885
29377368 7506110
29377369 2538507
29377370 3461150
29377371 4147755
29377372 502411
29377375 2101881
29377376 4174497
29377380 1428414
29377381 2814755
29377382 4728113
29377384 1665171
29377393 2144560
29377394 1121896
29377398 4903829
29377401 3261707
29377402 6893483
29377406 3899389
29377407 1440806
29377409 2884482
29377413 521587
29377414 2279096
29377415 1159617
29377418 4318584
29377419 1741268
29377420 7179040
29377421 4478479
29377423 2331012
29377424 1501576
29377426 597056
29377428 1941695
29377430 1461542
29377435 2866436
29377436 563737
29377437 8327229
29377438 2066309
29377439 2188283
29377442 2389868
29377443 1578512
29377445 358068
29377446 2625434
29377450 4176802
29377451 2293203
29377455 1070083
29377456 1462457
29377459 2580113
29377460 468703
29377462 5548089
29377463 2250888
29377464 4816225
29377465 1160780
29377466 1887620
29377474 684662
29377477 657087
29377478 2007660
29377479 553164
29377480 4046048
29377481 3218451
29377482 1898449
29377483 1089327
29377484 2340375
29377485 3054942
29377488 2185196
29377492 4614265
29377494 2325303
29377495 1811116
29377496 1778429
29377500 1489054
29377501 3453910
29377503 1367046
29377506 886159
29377507 1230207
29377508 3629839
29377513 3846708
29377515 310322
29377520 6051951
29377524 2319272
29377528 1500515
29377529 5870998
29377532 975029
29377533 1076172
29377534 5116256
29377535 4134940
29377537 4549370
29377538 5535163
29377542 2231663
29377543 3377054
29377544 1421248
29377545 1028622
29377546 2952863
29377547 2131224
29377552 2418268
29377554 3801411
29377555 3530639
29377556 1587039
29377558 2755137
29377559 5335367
29377560 1076280
29377561 2555134
29377563 2064221
29377564 1837565
29377567 1507383
29377568 1668780
29377572 1497010
29377573 7027737
29377574 1492694
29377578 2258946
29377579 917544
29377580 3009996
29377583 3168520
29377584 3295726
29377587 5541571
29377588 2343286
29377589 2673936
29377590 7983986
29377598 337766
29377600 3039931
29377603 2520148
29377605 699105
29377606 982187
29377609 7199949
29377610 4756780
29377611 428125
29377613 1153396
29377614 2006507
29377616 728027
29377617 3666157
29377618 1271368
29377621 2124235
29377622 782166
29377625 1280528
29377634 607210
29377647 1529838
29377650 288236
29377653 5930723
29377656 1225873
29377658 3712592
29377659 2873202
29377661 1440399
29377668 1108499
29377670 3338542
29377672 2962506
29377673 2936057
29377675 326476
29377676 401567
29377677 2971777
29377680 3434283
29377683 4296385
29377684 5144748
29377685 2464179
29377687 5836285
29377689 895929
29377690 2040643
29377691 5190009
29377693 3575591
29377695 392888
29377696 4094776
29377698 3925138
29377707 4296607
29377708 2510402
29377711 355326
29377712 1435215
29377713 2157577
29377714 4654899
29377716 1078569
29377718 1451227
29377719 3935609
29377720 4463417
29377721 13524941
29377722 1764330
29377723 257041
29377725 660683
29377726 2669241
29377727 1037656
29377728 804284
29377730 2416212
29377731 929713
29377735 304770
29377737 1931823
29377741 963771
29377742 3104451
29377744 1159802
29377745 2012539
29377746 528976
29377747 3630654
29377749 8331922
29377750 1891752
29377751 588425
29377758 3148238
29377760 4312873
29377761 561547
29377762 1930172
29377763 6188281
29377768 5081604
29377770 2335283
29377775 1645223
29377777 1505262
29377779 846685
29377781 2339599
29377784 6301745
29377785 610667
29377790 6160195
29377791 938568
29377793 2119885
29377794 1606911
29377795 2023449
29377796 1317327
29377802 1150533
29377803 4709335
29377805 2102103
29377806 2021912
29377807 705638
29377809 613662
29377811 1915734
29377812 3701728
29377813 856239
29377818 1838431
29377821 3968772
29377832 3802254
29377834 2023700
29377835 1495652
29377837 2542965
29377840 1279907
29377843 516324
29377845 1569801
29377850 411451
29377853 3595953
29377859 3030858
29377860 2914276
29377863 802136
29377865 457820
29377867 958600
29377870 1387080
29377872 1769731
29377873 1994481
29377880 6075218
29377881 1098614
29377882 2952408
29377885 3299685
29377886 1426779
29377887 271775
29377889 1151943
29377890 404212
29377892 1894709
29377894 553471
29377896 5124000
29377898 162394
29377899 219721
29377902 831301
29377905 783919
29377906 1495513
29377909 2649269
29377911 2163219
29377912 1025747
29377915 653131
29377916 4287289
29377919 975621
29377921 943608
29377929 2364781
29377931 4752238
29377932 1540900
29377937 2682646
29377941 884943
29377942 3193440
29377944 1661984
29377945 1625936
29377949 655041
29377954 3044975
29377955 3609897
29377959 2571413
29377960 1526779
29377962 2187682
29377969 1490679
29377971 2131649
29377972 2633906
29377973 1527314
29377974 2957280
29377975 1102910
29377978 1928749
29377981 2099978
29377983 5367555
29377985 1019197
29377986 2045049
29377990 2450353
29377992 900020
29377994 5547879
29377995 4143800
29378000 681196
29378001 1315796
29378002 276329
29378005 549317
29378006 7871244
29378009 3187661
29378013 647141
29378015 5895538
29378023 5658225
29378026 1722287
29378028 3767407
29378029 637704
29378036 468949
29378039 2337598
29378042 3291229
29378043 1225724
29378046 3098966
29378048 4501629
29378052 4121677
29378054 1944618
29378057 3501453
29378058 4277888
29378059 920244
29378060 957621
29378064 5171370
29378066 2318140
29378068 1210776
29378070 5969442
29378072 3530593
29378073 3184962
29378074 5074968
29378075 2550603
29378076 1634852
29378078 8756363
29378083 455405
29378091 1093539
29378093 1302889
29378095 800298
29378097 345786
29378100 1121895
29378101 1664717
29378102 1189020
29378106 902876
29378112 698785
29378113 1610385
29378114 5612905
29378115 1899983
29378116 5359258
29378117 1063808
29378118 2759047
29378119 4042768
29378120 3807996
29378121 852937
29378122 2413727
29378124 175238
29378130 844526
29378131 5802733
29378132 810431
29378133 1380310
29378134 1931519
29378135 3380549
29378136 418001
29378137 2431609
29378143 3379378
29378151 3646939
29378155 837314
29378159 3056525
29378161 3108621
29378162 6448305
29378164 1125406
29378165 453947
29378167 1621074
29378168 1501337
29378169 2905960
29378171 2324775
29378173 2062160
29378174 5463768
29378176 1785609
29378177 371904
29378180 2928436
29378181 1303775
29378182 1547853
29378184 1927642
29378187 3004208
29378194 2872916
29378197 760630
29378199 6981222
29378200 504008
29378201 6226970
29378203 313650
29378205 1159369
29378206 1098794
29378207 2374534
29378210 1878922
29378212 8495815
29378213 1159645
29378214 991765
29378215 4395712
29378216 760823
29378220 3976846
29378222 1443971
29378224 5919315
29378226 5986841
29378227 3847910
29378231 1814480
29378234 1006269
29378235 2802223
29378241 1024399
29378242 3914229
29378243 2319192
29378244 1265576
29378246 4827412
29378248 443547
29378249 1116718
29378251 1275088
29378253 2335135
29378257 1257506
29378258 4660680
29378261 2783711
29378263 534961
29378264 1035013
29378266 1345260
29378268 3003906
29378269 1982778
29378271 4692629
29378275 2820642
29378276 4208145
29378279 10305456
29378286 1386365
29378287 2891393
29378289 1887686
29378290 853013
29378291 1954133
29378294 1080056
29378296 276465
29378297 909627
29378303 3173116
29378304 1702623
29378305 1208485
29378310 1982971
29378311 2995749
29378313 2816201
29378314 2276873
29378316 204417
29378317 938105
29378318 3790593
29378320 2082022
29378322 2226168
29378326 1727618
29378329 410512
29378331 3113707
29378334 2150031
29378335 1366753
29378336 946576
29378338 4264644
29378339 4202656
29378340 2648444
29378343 878509
29378345 678408
29378346 2738417
29378347 3441873
29378348 1189671
29378351 2726727
29378352 1836954
29378353 678950
29378354 631684
29378355 1154307
29378358 5057157
29378364 2679286
29378365 1402081
29378366 1249398
29378367 9139559
29378368 1051192
29378370 3744346
29378373 3599844
29378377 5332615
29378378 3096397
29378381 1428363
29378382 8319329
29378388 2048271
29378389 68035
29378393 2139931
29378395 939710
29378396 4854628
29378400 243189
29378402 217510
29378403 1433068
29378406 2411145
29378407 5784153
29378409 395309
29378410 3771656
29378414 4873643
29378417 2501734
29378419 5428620
29378420 1418681
29378424 2246581
29378425 1072881
29378427 3281198
29378429 3408269
29378433 1482524
29378434 1876739
29378435 4352809
29378436 2167047
29378438 2752036
29378444 1615151
29378445 2054957
29378451 648371
29378454 3958378
29378456 2167643
29378458 2161664
29378459 3573255
29378460 1735591
29378461 5266775
29378466 1201714
29378467 5488748
29378468 3508945
29378472 4674920
29378473 3568172
29378474 1611035
29378475 573592
29378478 4495770
29378479 1214185
29378480 1651650
29378481 2149292
29378482 1424409
29378483 6323571
29378484 2267550
29378485 8672982
29378487 1877815
29378488 6744213
29378490 3622472
29378491 2642172
29378497 6454536
29378499 4601384
29378501 1027916
29378505 1500192
29378509 5050152
29378510 2964641
29378511 2434841
29378516 1158413
29378517 781877
29378518 378535
29378519 4928760
29378522 4086397
29378524 4923529
29378525 538013
29378537 732638
29378540 1596860
29378544 1120892
29378545 4940653
29378546 1678355
29378547 1404528
29378548 383637
29378549 1647582
29378550 2616105
29378552 1697473
29378556 3047852
29378558 3984627
29378561 238863
29378562 479334
29378564 2475849
29378567 866325
29378568 3084595
29378570 993559
29378572 1526949
29378575 2343250
29378578 732606
29378581 2876780
29378583 263065
29378590 5148795
29378592 2290079
29378597 1403909
29378600 2351596
29378604 3354232
29378609 2418187
29378612 369847
29378613 1507978
29378614 436223
29378616 980263
29378618 1699635
29378621 6322254
29378628 1924931
29378631 1342271
29378632 2335550
29378636 4266355
29378637 5402074
29378642 626150
29378644 757372
29378645 1103396
29378647 1131763
29378649 3767450
29378651 796160
29378652 1352745
29378653 4353445
29378654 2269096
29378656 414633
29378657 3837914
29378660 1500424
29378662 661056
29378664 5130627
29378665 568527
29378666 3223393
29378667 2355388
29378670 327969
29378672 894671
29378673 776513
29378675 351831
29378679 1218631
29378680 1712944
29378682 11888216
29378683 878979
29378688 3207448
29378689 1863839
29378694 2333380
29378695 436346
29378699 5765764
29378705 493194
29378706 606374
29378707 584126
29378713 2813979
29378716 469898
29378717 1790392
29378722 1148774
29378725 673864
29378727 2414552
29378728 2764901
29378729 2493009
29378735 11537687
29378736 3948382
29378737 848084
29378738 466141
29378740 5073734
29378741 2636469
29378742 2118561
29378743 3108563
29378744 694463
29378749 1020773
29378750 2948322
29378751 1087759
29378754 516281
29378758 1625467
29378760 638314
29378764 2287585
29378765 3838578
29378769 3186620
29378771 4016617
29378772 2555090
29378774 986452
29378777 6102118
29378781 845350
29378785 2565183
29378789 1381581
29378790 2760815
29378798 2683300
29378800 3709788
29378803 11167639
29378807 756040
29378809 1298329
29378810 1291360
29378811 3293145
29378815 577790
29378819 2977348
29378820 3949796
29378823 1486888
29378826 3046896
29378827 3814512
29378828 1390057
29378829 7112812
29378830 1126957
29378832 3896181
29378838 530158
29378839 3856956
29378840 1533483
29378841 6228913
29378844 3538696
29378847 787983
29378852 2374350
29378854 639657
29378855 6865701
29378858 583599
29378861 1590172
29378862 550614
29378866 1008124
29378868 3196743
29378870 735738
29378871 1100055
29378874 3050794
29378876 6622742
29378877 3390325
29378878 9517285
29378881 2202586
29378882 1234524
29378883 543990
29378884 1883190
29378888 1372165
29378889 1350992
29378890 5875511
29378892 2868836
29378893 3015301
29378896 18429520
29378903 4554366
29378905 1413532
29378906 860096
29378907 273821
29378908 3318111
29378909 2437550
29378910 1398989
29378913 8366297
29378914 1875817
29378915 1143943
29378916 5272285
29378917 5347003
29378920 3462836
29378924 4885929
29378927 1485949
29378928 5347781
29378929 2469244
29378934 1165486
29378937 1223164
29378938 1401692
29378940 3018488
29378946 3380405
29378950 759092
29378953 375889
29378955 2524568
29378958 1309037
29378959 3020058
29378960 933223
29378962 760907
29378964 5441346
29378965 1978110
29378966 4305990
29378967 5107475
29378969 1365687
29378970 2075603
29378971 2790270
29378972 2364877
29378973 2632207
29378974 2938758
29378975 3557884
29378977 1751398
29378978 423226
29378985 4316601
29378986 1977277
29378987 3536671
29378988 3660229
29378994 303871
29378996 808977
29378998 852671
29378999 2883562
29379003 1605752
29379006 968603
29379009 2798487
29379010 786571
29379012 1015875
29379013 3496801
29379015 2244250
29379016 1117227
29379017 5058544
29379018 1174311
29379019 560263
29379021 794710
29379023 3651961
29379024 5986474
29379028 4826607
29379031 663093
29379032 824039
29379034 1841595
29379039 1283668
29379040 2979156
29379044 5979096
29379046 4449467
29379047 2755552
29379051 1248227
29379052 1776487
29379053 294420
29379054 2056405
29379056 261476
29379058 2700008
29379060 1106066
29379061 4183276
29379064 1598741
29379066 628721
29379067 1101437
29379068 1355417
29379070 1374165
29379072 11094954
29379079 7369967
29379080 1653834
29379081 1293994
29379082 1401845
29379083 3265404
29379084 2067125
29379085 2816731
29379086 1401016
29379090 3036353
29379095 2487997
29379096 520399
29379100 3012358
29379101 1918889
29379106 349815
29379107 1663043
29379110 662188
29379113 625692
29379114 744534
29379115 1170569
29379116 4751294
29379118 2090228
29379120 3095592
29379121 4054982
29379125 1852806
29379126 3439228
29379129 1458328
29379132 1996170
29379136 1073763
29379137 4592655
29379138 4463544
29379141 1487803
29379143 1903181
29379146 2639638
29379152 2684512
29379155 3270439
29379159 950821
29379160 5580296
29379162 4222843
29379165 1129054
29379166 910955
29379167 2533469
29379169 2360197
29379170 1415086
29379171 1267440
29379173 1370570
29379175 866355
29379176 3575684
29379177 1651212
29379179 3977892
29379180 1033632
29379181 550040
29379182 1148116
29379184 2847739
29379185 13840581
29379186 732392
29379187 1764469
29379188 2699744
29379189 3161687
29379190 431072
29379191 2731935
29379193 2900855
29379200 321658
29379201 15703367
29379208 1467063
29379213 1713111
29379214 369666
29379217 3707992
29379224 1777185
29379225 691123
29379226 4437285
29379227 1378680
29379231 1453119
29379232 1989917
29379233 557811
29379234 1188094
29379237 1341057
29379238 8925528
29379239 1796740
29379240 2090319
29379242 1060087
29379243 500845
29379245 2222014
29379250 989402
29379252 3887775
29379253 1313771
29379254 2900312
29379255 881948
29379261 4144187
29379265 566444
29379268 1174284
29379270 7667140
29379271 3377596
29379272 4131809
29379273 2514540
29379279 1736416
29379280 2483442
29379283 1782400
29379284 862568
29379287 584502
29379288 2431035
29379295 1633337
29379296 673210
29379301 1366238
29379302 579107
29379304 4477105
29379306 1044883
29379311 1557926
29379314 2849305
29379319 1165996
29379320 666797
29379321 1946375
29379324 2180420
29379326 222855
29379328 3114344
29379337 4257242
29379339 5893233
29379342 1052430
29379343 1244618
29379349 938436
29379350 2324979
29379352 3147412
29379353 534225
29379354 1040560
29379355 602554
29379356 3993433
29379361 2934961
29379364 506726
29379370 2511855
29379372 437937
29379374 1053754
29379375 11900479
29379378 3544491
29379382 2003256
29379386 2395266
29379388 536480
29379390 3393578
29379392 6551776
29379393 1308390
29379400 1980942
29379401 1476069
29379402 3212405
29379404 2290949
29379405 3530741
29379406 1715002
29379408 1504288
29379409 5056544
29379410 4282425
29379412 1521912
29379416 2329995
29379417 1431266
29379418 1641934
29379424 3007754
29379426 993885
29379428 2125904
29379430 3979141
29379434 1826717
29379437 777084
29379439 791694
29379440 7468824
29379443 1066978
29379454 5063749
29379457 2931822
29379458 6207956
29379459 2700209
29379460 1009775
29379462 1477175
29379470 3932134
29379471 5439607
29379473 4084652
29379477 1087388
29379478 1474951
29379479 1486779
29379481 898862
29379482 6288347
29379483 1089493
29379486 602240
29379487 2435604
29379488 2371898
29379489 2809342
29379490 1235756
29379492 1174802
29379494 3502666
29379495 4102953
29379496 787631
29379498 9533343
29379500 1415556
29379507 2004569
29379509 2114354
29379513 4088723
29379515 810564
29379517 1440971
29379518 2295376
29379521 2293670
29379523 3685114
29379524 3960678
29379530 2993136
29379532 1383147
29379534 1518514
29379536 704217
29379550 601160
29379551 6303894
29379553 2167908
29379556 2109713
29379560 2908261
29379561 1613646
29379564 1331376
29379567 2348005
29379568 4147167
29379569 737738
29379570 3204790
29379572 2385510
29379576 1446056
29379577 1501172
29379586 2150271
29379587 4468406
29379588 1079549
29379589 1011494
29379591 2187718
29379593 2075281
29379594 3412462
29379598 3310421
29379604 101802
29379606 321941
29379608 2560641
29379609 4111262
29379610 1763586
29379611 1765746
29379612 3317721
29379613 745414
29379615 1403694
29379616 590865
29379617 1346577
29379620 817322
29379622 3774007
29379623 1691486
29379627 6027700
29379628 3459401
29379630 8470972
29379636 1374906
29379637 6431587
29379638 2467309
29379639 1662107
29379641 2813666
29379644 1900238
29379645 1061067
29379649 550380
29379650 3366678
29379651 2337250
29379653 692641
29379657 1828980
29379660 3875263
29379661 1886762
29379662 985172
29379665 9345703
29379668 1577261
29379669 2345766
29379672 1156244
29379673 2122364
29379675 1913329
29379681 4855777
29379683 1154644
29379687 1700643
29379688 1071744
29379693 4772497
29379694 4819889
29379704 994393
29379706 1226226
29379707 1356807
29379708 1547078
29379710 1965979
29379713 3548589
29379716 2481204
29379717 2726042
29379718 1210800
29379720 824144
29379721 5146193
29379722 2565556
29379723 1047036
29379727 355583
29379728 3079353
29379732 1491764
29379734 5896190
29379735 322811
29379736 5447651
29379740 2576580
29379743 3409138
29379744 2603354
29379746 1951799
29379747 3886027
29379750 1026575
29379751 2037163
29379752 2150970
29379753 4912825
29379754 1527467
29379757 1250917
29379759 739546
29379760 2368044
29379763 3753541
29379765 6001592
29379768 835992
29379771 4992802
29379775 922733
29379777 3607417
29379781 1065847
29379782 3013445
29379783 3339158
29379784 1191960
29379788 3144457
29379789 1174571
29379790 2432040
29379793 1872672
29379795 4500773
29379796 3554840
29379797 3109731
29379799 4787914
29379800 791114
29379801 1121379
29379802 2177959
29379805 4386789
29379808 6306351
29379809 2354836
29379810 2983394
29379812 1202340
29379813 3667066
29379814 1736045
29379815 1132975
29379817 4153867
29379818 844240
29379820 1413722
29379821 3591037
29379826 1419036
29379831 3319383
29379837 1000551
29379838 2063751
29379839 2686146
29379841 304517
29379843 366627
29379844 2597263
29379845 9783444
29379849 1079830
29379850 3397320
29379855 2731660
29379856 2229820
29379857 1411066
29379861 4061270
29379862 2303179
29379865 780686
29379867 633477
29379868 3006952
29379871 4360676
29379873 742681
29379874 4310334
29379877 3704811
29379881 1556891
29379883 313588
29379885 2304235
29379886 2329321
29379887 1400076
29379891 1628291
29379893 991008
29379895 1720482
29379896 5826892
29379897 5932314
29379902 530100
29379907 3441038
29379910 907216
29379913 3526174
29379915 1471147
29379916 3210080
29379918 2464570
29379919 2559188
29379920 2522892
29379924 2140901
29379926 462886
29379927 1469338
29379929 837294
29379930 1095646
29379931 773016
29379932 3504731
29379933 4236918
29379936 286639
29379938 1178093
29379939 6140934
29379941 268578
29379942 857162
29379944 2518289
29379945 4817195
29379948 5015150
29379957 1548355
29379959 4289256
29379961 1014489
29379962 2955541
29379965 2301903
29379966 2246718
29379967 1317830
29379968 4796720
29379972 204875
29379973 6312542
29379975 2471274
29379976 1550686
29379977 888690
29379978 439142
29379979 3061203
29379980 3940575
29379984 762083
29379987 684604
29379991 3745999
29379993 2345573
29379996 7408375
29379997 4804203
29379999 624107
29380001 3012506
29380003 1262985
29380008 1094828
29380010 2407393
29380013 13833396
29380014 1347946
29380016 6105153
29380017 4504629
29380018 860906
29380019 2931653
29380020 1848955
29380021 1796303
29380023 774650
29380025 2060204
29380027 4132915
29380029 3395661
29380035 1068685
29380036 1927963
29380041 607153
29380043 696308
29380045 1259398
29380047 2752271
29380048 2079665
29380049 6097075
29380050 969577
29380051 4143438
29380060 1795051
29380061 1294168
29380062 2538756
29380065 1878803
29380066 391994
29380068 1542503
29380075 1018537
29380077 1479465
29380078 1246153
29380086 901296
29380087 881075
29380090 1945924
29380091 485072
29380093 1533896
29380094 1730161
29380100 2002963
29380102 1016597
29380103 451963
29380105 1589877
29380109 1622188
29380111 2249197
29380112 1384306
29380113 1471603
29380114 10181246
29380115 851111
29380116 2979582
29380117 1930566
29380118 3765323
29380121 5490650
29380123 1274710
29380128 1564281
29380129 2167563
29380130 2956086
29380132 559631
29380133 4065675
29380134 1340813
29380136 424214
29380138 2161330
29380139 625195
29380141 2060223
29380144 1074448
29380148 4406371
29380150 304353
29380151 1550964
29380152 1013785
29380153 1584177
29380154 1389634
29380155 3005504
29380156 1159533
29380158 2167518
29380163 2147537
29380164 1857210
29380167 3113460
29380171 1954934
29380174 1771771
29380176 3023855
29380178 1920166
29380179 2575781
29380181 5139166
29380183 1075696
29380184 1249054
29380186 389001
29380191 3659711
29380192 3251015
29380193 2313093
29380194 8381957
29380196 2216889
29380198 594482
29380199 3499922
29380200 5247048
29380206 4345636
29380207 1218524
29380210 1609654
29380212 4342509
29380217 7325470
29380218 702342
29380219 2147537
29380220 1616786
29380221 305480
29380222 3192630
29380224 715550
29380226 3206650
29380229 2652320
29380234 3055213
29380237 1032297
29380238 1929325
29380241 2583736
29380247 6653938
29380249 1072218
29380254 2868325
29380255 1596080
29380258 529324
29380259 4548683
29380260 1222690
29380261 5857581
29380263 749421
29380266 1483875
29380268 1441863
29380270 938681
29380273 1581795
29380275 2009575
29380276 1519951
29380278 1472547
29380279 1822431
29380284 1248142
29380285 643389
29380286 1365622
29380288 615716
29380293 831009
29380295 2466463
29380299 3495521
29380300 2586855
29380302 609862
29380304 1547393
29380306 4035874
29380308 3527647
29380309 5976979
29380312 1601629
29380320 1014856
29380322 988441
29380324 2468731
29380325 4932600
29380327 2326840
29380329 598478
29380336 589971
29380339 2139323
29380340 1700639
29380344 234869
29380345 14989931
29380348 1944886
29380350 896333
29380353 651579
29380355 5942131
29380357 3075693
29380358 3440958
29380359 1552230
29380361 2042159
29380362 1287311
29380363 1560538
29380364 2240249
29380365 1005213
29380366 1572919
29380367 885034
29380368 782155
29380373 3115804
29380374 4772679
29380377 1942171
29380378 4944216
29380379 826216
29380381 6339997
29380383 1173753
29380392 3366885
29380393 529606
29380396 3531113
29380398 3236316
29380405 1581957
29380408 1962796
29380410 1107583
29380411 4855072
29380412 1280863
29380414 1787180
29380415 4603624
29380418 4896804
29380419 906008
29380422 7677979
29380423 1037076
29380432 1172640
29380433 2600919
29380434 2914788
29380437 3694400
29380438 1421828
29380440 664950
29380441 1021982
29380446 2676039
29380447 2251282
29380449 4648876
29380450 5580067
29380452 1310940
29380454 1139053
29380466 1048565
29380468 3567115
29380470 1786465
29380473 1004061
29380474 1752852
29380476 5467385
29380477 2158290
29380478 2899843
29380479 1495637
29380480 501185
29380481 2083219
29380485 2052896
29380487 2273277
29380489 2650474
29380490 2167635
29380492 10238861
29380499 1287688
29380500 544772
29380501 3338445
29380502 1017255
29380510 3682231
29380511 3249082
29380513 2118905
29380514 1482735
29380521 2056365
29380523 5134109
29380527 514934
29380528 286257
29380529 591300
29380531 3347250
29380533 2179942
29380534 2623248
29380538 1928270
29380540 1465642
29380541 2581298
29380542 489302
29380543 2538208
29380545 761009
29380546 1116280
29380548 1692216
29380550 399104
29380551 12050116
29380554 1978742
29380557 879694
29380562 1637727
29380567 358084
29380568 2617210
29380569 3380187
29380571 1777835
29380572 787761
29380573 1357011
29380574 2150942
29380575 453249
29380577 2417929
29380579 5499254
29380582 719072
29380585 684344
29380586 562936
29380590 442533
29380593 3177657
29380600 540692
29380604 1351487
29380605 352123
29380611 1015824
29380612 1840709
29380613 557776
29380615 3271254
29380616 656796
29380617 525723
29380618 2946080
29380620 7270831
29380622 2165815
29380628 1128705
29380629 3466814
29380633 2601126
29380634 717433
29380636 1187426
29380642 1230478
29380648 1288441
29380649 4474223
29380650 2896743
29380653 2008969
29380654 2592633
29380657 2311254
29380663 647093
29380668 1686413
29380674 1298170
29380676 358142
29380680 1962178
29380684 2723420
29380685 2468719
29380686 1734917
29380688 3830176
29380689 673397
29380691 3000709
29380692 4920493
29380695 936506
29380696 1448352
29380697 1353561
29380700 1610374
29380702 443363
29380707 857690
29380708 3218023
29380710 5147649
29380712 3038604
29380713 1486945
29380715 1316292
29380718 1771532
29380719 2475840
29380720 773009
29380723 2112039
29380724 3925866
29380725 2297054
29380728 1675815
29380730 2905601
29380733 4299829
29380734 1341354
29380736 4482601
29380738 7798988
29380739 1934692
29380741 930940
29380742 3343503
29380744 7043141
29380745 1346863
29380747 2969489
29380748 971969
29380749 5170960
29380750 1838031
29380752 1314157
29380755 948889
29380756 468733
29380758 2419264
29380762 1336387
29380775 925808
29380776 2748584
29380777 3208500
29380778 553632
29380781 1244480
29380786 2276692
29380787 778161
29380790 2460809
29380791 708320
29380793 7906560
29380797 4736544
29380798 3696117
29380800 2750862
29380801 2599906
29380803 2298108
29380804 4901349
29380805 4278679
29380806 2465626
29380808 1285506
29380809 1850025
29380811 2413015
29380812 6936188
29380816 2406003
29380820 716329
29380822 1573166
29380823 4916045
29380824 3151949
29380825 6657597
29380826 3204529
29380828 965426
29380832 3953609
29380834 654213
29380836 2389887
29380837 1058749
29380839 1987989
29380840 6474624
29380848 876556
29380851 4198682
29380853 2176869
29380854 8295417
29380856 2860816
29380857 6683672
29380860 3018211
29380868 1415054
29380870 5812067
29380874 2511098
29380877 2279834
29380880 1944544
29380883 3035779
29380884 690864
29380886 1052636
29380887 1862398
29380890 1897140
29380891 2894873
29380894 2622210
29380897 1254565
29380898 2448001
29380901 4269271
29380903 1035856
29380904 1532701
29380908 4562652
29380913 2480657
29380915 2076370
29380916 2414875
29380918 3674834
29380919 1589445
29380920 909408
29380921 421496
29380924 346542
29380925 4126041
29380929 1508292
29380931 7771211
29380935 2142117
29380936 1587645
29380937 2511608
29380939 1571648
29380941 3854389
29380943 1546995
29380944 4538743
29380945 2513212
29380947 284234
29380948 2791889
29380949 1593418
29380950 646756
29380951 1551590
29380954 1108584
29380959 1896949
29380960 1494692
29380961 815368
29380963 1073670
29380965 5040944
29380970 3059408
29380971 10587983
29380976 887543
29380978 2120650
29380980 3920276
29380982 977909
29380984 3130368
29380986 575538
29380987 511906
29380988 717018
29380989 378159
29380990 1183542
29380995 2524148
29380997 777538
29380998 2072406
29381000 1376248
29381001 121748
29381003 5548828
29381004 991115
29381006 1631516
29381009 1360496
29381014 4776103
29381028 6576799
29381029 2703231
29381030 1362606
29381033 3914503
29381034 1323866
29381037 2516033
29381038 1517681
29381040 1214314
29381042 1280306
29381043 414862
29381044 3867714
29381049 1712460
29381051 1338840
29381055 1203448
29381056 1564148
29381057 1589926
29381062 2554502
29381066 2049854
29381067 1707120
29381072 1203928
29381073 2435940
29381077 2700588
29381078 2828517
29381079 4912329
29381080 677937
29381082 5391541
29381084 448473
29381086 6438302
29381087 3640888
29381088 978873
29381099 2707370
29381100 691682
29381101 2994218
29381102 5115105
29381105 1563845
29381107 289498
29381111 689132
29381114 2413551
29381115 1302835
29381117 3557451
29381120 2533515
29381121 1049496
29381122 182877
29381124 7228331
29381126 2558528
29381129 5396747
29381132 1331225
29381140 3238255
29381141 3305497
29381142 2678282
29381145 6318947
29381147 2204446
29381148 2279201
29381150 4254960
29381151 778475
29381152 3223383
29381153 4097973
29381154 1360550
29381155 1841146
29381156 2473380
29381163 2322522
29381164 1102332
29381166 913425
29381170 4879441
29381171 1041179
29381174 2357739
29381176 1878957
29381177 1613698
29381179 355363
29381181 2220099
29381183 1863435
29381185 1435263
29381187 2945002
29381188 2961988
29381189 14650609
29381191 1991135
29381192 965373
29381200 1374763
29381203 1204185
29381207 1006136
29381211 1814517
29381212 1335967
29381219 1316867
29381220 994878
29381221 3793750
29381225 733980
29381229 2820102
29381232 1177670
29381233 3058790
29381236 5954024
29381237 302041
29381239 1933698
29381242 4242046
29381244 3872931
29381247 6229373
29381248 3039551
29381249 1119451
29381251 529964
29381256 828930
29381257 5296250
29381258 1982007
29381265 1615509
29381273 644604
29381274 3020064
29381275 1240105
29381280 2455318
29381285 6886343
29381289 662247
29381290 5807803
29381291 4727981
29381293 579493
29381294 2491951
29381295 645615
29381297 2110467
29381300 2967012
29381301 2551157
29381302 1847741
29381304 783347
29381308 1552230
29381309 1160031
29381310 5409816
29381311 5923666
29381312 818448
29381313 671879
29381316 2394788
29381318 1548438
29381320 2439371
29381325 1688808
29381328 957576
29381330 618613
29381331 6962119
29381332 2392716
29381335 512476
29381336 2743449
29381348 2293629
29381349 2122704
29381353 1843386
29381354 2942753
29381357 1285793
29381360 557398
29381361 332937
29381366 2401689
29381367 1966660
29381369 4894627
29381370 2636924
29381376 3540314
29381377 1958789
29381378 1603348
29381382 3167061
29381387 1510782
29381388 1884921
29381390 2920167
29381391 4177263
29381392 253977
29381393 2050493
29381397 3213139
29381398 1493207
29381401 698552
29381403 4318899
29381407 314689
29381408 842602
29381411 1896563
29381412 792978
29381415 391818
29381417 475404
29381418 708303
29381420 4653901
29381422 1027964
29381423 1955761
29381424 4131567
29381427 1966946
29381428 1862728
29381433 1039225
29381434 1753587
29381436 8192762
29381438 2067508
29381439 4680510
29381440 1499404
29381445 2271468
29381447 984302
29381449 1284370
29381452 2105611
29381454 2527386
29381455 607702
29381456 1466137
29381458 7112375
29381460 3957517
29381464 7899477
29381466 2015776
29381467 751525
29381469 1959044
29381471 2013222
29381472 7979260
29381474 6237908
29381475 1146538
29381477 1609918
29381478 2444086
29381479 1988688
29381482 2795624
29381485 1470872
29381488 3621988
29381491 3736220
29381492 4455684
29381493 4071722
29381497 1235217
29381499 1466295
29381500 5993774
29381501 2005932
29381502 730996
29381509 637007
29381513 3465844
29381515 88904
29381518 5064316
29381519 2521102
29381521 2194582
29381523 8019197
29381524 1079228
29381526 3203603
29381527 2659934
29381528 732490
29381530 674361
29381532 5293243
29381533 502033
29381535 4359594
29381538 1053629
29381542 2229075
29381545 2883801
29381546 470888
29381548 2399327
29381551 1500342
29381554 2297396
29381555 4124790
29381556 2839073
29381558 2496275
29381559 2273695
29381560 4227107
29381563 4351534
29381564 1445938
29381565 1740439
29381568 495717
29381572 1508212
29381576 852153
29381578 326987
29381580 581061
29381582 3239592
29381584 8305142
29381585 1060114
29381589 3225270
29381594 14915444
29381599 2555860
29381603 7313729
29381604 2943858
29381605 244611
29381614 1144596
29381615 212020
29381618 962996
29381619 2619134
29381621 588349
29381622 1538585
29381623 2590921
29381630 5203112
29381632 2482633
29381635 3826958
29381636 6607304
29381644 4444843
29381646 7627625
29381648 1462033
29381654 1870653
29381655 1516652
29381658 8310102
29381661 1093364
29381662 1054926
29381665 4568095
29381668 3038979
29381672 680804
29381678 658201
29381683 1231371
29381685 570170
29381686 359257
29381690 414395
29381692 4596791
29381693 2647394
29381694 1090609
29381697 576034
29381699 1829284
29381701 4072849
29381706 2603452
29381708 619583
29381713 1671678
29381715 930086
29381716 3097805
29381718 839657
29381719 505168
29381721 1700992
29381722 2955368
29381724 2603317
29381725 1384339
29381726 2027003
29381727 1778336
29381731 1069499
29381733 2997271
29381738 3234087
29381739 733529
29381740 1050500
29381743 3165330
29381745 679440
29381749 3658147
29381750 5266534
29381751 4094763
29381753 3776117
29381756 1897568
29381759 1656430
29381762 5544081
29381764 3819532
29381766 3146523
29381767 1754824
29381769 2381213
29381771 1937226
29381773 2446875
29381774 429839
29381775 4730901
29381776 6270018
29381778 1525874
29381779 739499
29381783 3441174
29381786 702117
29381790 2892027
29381791 3314297
29381792 814612
29381795 3587081
29381798 4255321
29381800 1984922
29381801 1817002
29381802 720816
29381803 2681012
29381804 6663030
29381806 2082210
29381808 335046
29381810 958032
29381811 2462153
29381818 4011740
29381826 3019683
29381852 2881866
29381853 3538127
29381857 3300888
29381860 1182195
29381863 977371
29381865 727802
29381866 6293366
29381867 697480
29381870 2297817
29381872 4702406
29381873 674984
29381875 1310087
29381881 6105143
29381885 7406020
29381886 1608071
29381888 406506
29381893 4678128
29381895 1755672
29381898 879618
29381900 519670
29381904 1650220
29381905 764574
29381906 1469055
29381908 1827312
29381909 1358840
29381911 5914395
29381913 6613606
29381914 2264602
29381915 754017
29381916 2374224
29381919 3684735
29381920 2029486
29381921 1439170
29381924 4438665
29381925 2229464
29381926 965121
29381927 7504292
29381928 750370
29381929 3763839
29381933 1249263
29381936 1784729
29381939 4312434
29381940 3509478
29381943 913034
29381944 2321361
29381947 756229
29381949 1053202
29381955 4782747
29381956 1196468
29381959 3032127
29381960 4013782
29381964 2307271
29381965 2735819
29381967 6564291
29381970 2815733
29381972 641877
29381980 207392
29381984 565498
29381986 2234612
29381988 1004004
29381992 4203016
29381996 2821352
29382007 2837894
29382008 1626703
29382010 583877
29382012 4271835
29382016 3978459
29382018 749258
29382020 3754130
29382023 6814054
29382025 1188128
29382026 546468
29382027 6441402
29382028 2360459
29382035 2054134
29382037 2417016
29382038 3974797
29382039 5291497
29382040 5058076
29382042 2872541
29382045 4872396
29382049 12753296
29382050 4031876
29382051 2287615
29382054 3799526
29382056 1872139
29382063 1460794
29382064 1259622
29382065 2888673
29382068 2563163
29382069 2946044
29382072 1434364
29382073 2884627
29382078 2180240
29382080 3231347
29382082 3011847
29382085 4407338
29382087 4244169
29382090 2284678
29382092 2205124
29382093 402171
29382095 3421992
29382097 3608410
29382099 12025197
29382100 4159129
29382102 4964630
29382103 713002
29382104 1646082
29382107 1128182
29382110 826167
29382112 831766
29382113 487916
29382115 1385416
29382116 2040272
29382119 1890665
29382124 1042354
29382125 1687861
29382126 831574
29382132 1020203
29382134 673453
29382135 4026853
29382139 1644629
29382140 974089
29382141 2462319
29382143 1583022
29382144 918720
29382145 1508542
29382149 727241
29382150 993267
29382152 1893740
29382157 4633030
29382165 2545914
29382166 1071069
29382167 1103874
29382169 1472583
29382172 804670
29382174 2630521
29382176 2370752
29382178 4863877
29382179 598674
29382180 125302
29382182 36701
29382185 1284888
29382191 4071273
29382193 3017257
29382195 6480296
29382196 3031664
29382198 611693
29382201 2058825
29382212 2006050
29382214 3202207
29382215 818672
29382217 128953
29382218 145823
29382231 2216600
29382232 869031
29382233 2929548
29382239 2705537
29382240 671902
29382243 4667954
29382244 5458338
29382247 1253704
29382248 321350
29382250 3550769
29382252 729290
29382255 2412246
29382259 977593
29382260 782755
29382261 4032213
29382262 1333833
29382265 3537404
29382266 908893
29382269 1044238
29382271 2121261
29382273 1748173
29382275 1489537
29382280 1438739
29382282 1575643
29382283 3558488
29382290 3499087
29382294 3160761
29382296 1304198
29382297 2761436
29382300 2101541
29382301 3195311
29382303 1015894
29382305 1061181
29382308 3938017
29382309 1392226
29382310 2030819
29382313 5938285
29382315 410678
29382316 3949342
29382319 4339180
29382325 796006
29382326 644567
29382329 5728562
29382330 829925
29382334 4084982
29382337 771596
29382339 1019356
29382341 1642310
29382344 1339885
29382348 6858292
29382351 4680915
29382354 3644617
29382359 1158921
29382361 3883077
29382365 792470
29382369 383334
29382371 3554722
29382373 3094751
29382375 882218
29382376 2629668
29382378 2792566
29382381 3811591
29382384 812781
29382385 2253252
29382386 2015643
29382387 2310921
29382388 3226024
29382389 2378873
29382396 547179
29382400 1188518
29382401 5714467
29382403 1853237
29382404 1396780
29382405 2745055
29382407 626837
29382408 100921
29382409 2974519
29382414 3877561
29382415 2470896
29382416 8650246
29382418 4967799
29382419 1014507
29382425 2154597
29382428 2653669
29382433 1290404
29382435 293104
29382437 2861097
29382439 2699750
29382440 4383832
29382443 247562
29382444 100072
29382448 3374239
29382450 3984387
29382452 556630
29382453 725408
29382454 1337395
29382455 368694
29382456 4720123
29382461 64635
29382464 2804077
29382466 4426512
29382468 1859861
29382473 2234960
29382475 5956856
29382476 3170202
29382480 1491015
29382481 1785280
29382485 2426567
29382497 1078646
29382498 1141209
29382499 339797
29382500 2718258
29382501 532949
29382502 2607874
